#./generate_task_list.sh 10000,5000,1000 50:50:1:0:1 10:50:1:0:1 20 0
#period	budget	execute	duration	log

10000	5000	1000	20	0
10000	5000	1100	20	0
10000	5000	1200	20	0
10000	5000	1300	20	0
10000	5000	1400	20	0
10000	5000	1500	20	0
10000	5000	1600	20	0
10000	5000	1700	20	0
10000	5000	1800	20	0
10000	5000	1900	20	0
10000	5000	2000	20	0
10000	5000	2100	20	0
10000	5000	2200	20	0
10000	5000	2300	20	0
10000	5000	2400	20	0
10000	5000	2500	20	0
10000	5000	2600	20	0
10000	5000	2700	20	0
10000	5000	2800	20	0
10000	5000	2900	20	0
10000	5000	3000	20	0
10000	5000	3100	20	0
10000	5000	3200	20	0
10000	5000	3300	20	0
10000	5000	3400	20	0
10000	5000	3500	20	0
10000	5000	3600	20	0
10000	5000	3700	20	0
10000	5000	3800	20	0
10000	5000	3900	20	0
10000	5000	4000	20	0
10000	5000	4100	20	0
10000	5000	4200	20	0
10000	5000	4300	20	0
10000	5000	4400	20	0
10000	5000	4500	20	0
10000	5000	4600	20	0
10000	5000	4700	20	0
10000	5000	4800	20	0
10000	5000	4900	20	0
10000	5000	5000	20	0
5000	2500	500	20	0
5000	2500	550	20	0
5000	2500	600	20	0
5000	2500	650	20	0
5000	2500	700	20	0
5000	2500	750	20	0
5000	2500	800	20	0
5000	2500	850	20	0
5000	2500	900	20	0
5000	2500	950	20	0
5000	2500	1000	20	0
5000	2500	1050	20	0
5000	2500	1100	20	0
5000	2500	1150	20	0
5000	2500	1200	20	0
5000	2500	1250	20	0
5000	2500	1300	20	0
5000	2500	1350	20	0
5000	2500	1400	20	0
5000	2500	1450	20	0
5000	2500	1500	20	0
5000	2500	1550	20	0
5000	2500	1600	20	0
5000	2500	1650	20	0
5000	2500	1700	20	0
5000	2500	1750	20	0
5000	2500	1800	20	0
5000	2500	1850	20	0
5000	2500	1900	20	0
5000	2500	1950	20	0
5000	2500	2000	20	0
5000	2500	2050	20	0
5000	2500	2100	20	0
5000	2500	2150	20	0
5000	2500	2200	20	0
5000	2500	2250	20	0
5000	2500	2300	20	0
5000	2500	2350	20	0
5000	2500	2400	20	0
5000	2500	2450	20	0
5000	2500	2500	20	0
1000	500	100	20	0
1000	500	110	20	0
1000	500	120	20	0
1000	500	130	20	0
1000	500	140	20	0
1000	500	150	20	0
1000	500	160	20	0
1000	500	170	20	0
1000	500	180	20	0
1000	500	190	20	0
1000	500	200	20	0
1000	500	210	20	0
1000	500	220	20	0
1000	500	230	20	0
1000	500	240	20	0
1000	500	250	20	0
1000	500	260	20	0
1000	500	270	20	0
1000	500	280	20	0
1000	500	290	20	0
1000	500	300	20	0
1000	500	310	20	0
1000	500	320	20	0
1000	500	330	20	0
1000	500	340	20	0
1000	500	350	20	0
1000	500	360	20	0
1000	500	370	20	0
1000	500	380	20	0
1000	500	390	20	0
1000	500	400	20	0
1000	500	410	20	0
1000	500	420	20	0
1000	500	430	20	0
1000	500	440	20	0
1000	500	450	20	0
1000	500	460	20	0
1000	500	470	20	0
1000	500	480	20	0
1000	500	490	20	0
1000	500	500	20	0
