#./generate_task_list.sh 100000,50000,10000,5000,1000 50:50:1:0:1 0:50:5:0:1 20 0
#period	budget	execute	duration	log

100000	50000	0	20	0
100000	50000	5000	20	0
100000	50000	10000	20	0
100000	50000	15000	20	0
100000	50000	20000	20	0
100000	50000	25000	20	0
100000	50000	30000	20	0
100000	50000	35000	20	0
100000	50000	40000	20	0
100000	50000	45000	20	0
100000	50000	50000	20	0
50000	25000	0	20	0
50000	25000	2500	20	0
50000	25000	5000	20	0
50000	25000	7500	20	0
50000	25000	10000	20	0
50000	25000	12500	20	0
50000	25000	15000	20	0
50000	25000	17500	20	0
50000	25000	20000	20	0
50000	25000	22500	20	0
50000	25000	25000	20	0
10000	5000	0	20	0
10000	5000	500	20	0
10000	5000	1000	20	0
10000	5000	1500	20	0
10000	5000	2000	20	0
10000	5000	2500	20	0
10000	5000	3000	20	0
10000	5000	3500	20	0
10000	5000	4000	20	0
10000	5000	4500	20	0
10000	5000	5000	20	0
5000	2500	0	20	0
5000	2500	250	20	0
5000	2500	500	20	0
5000	2500	750	20	0
5000	2500	1000	20	0
5000	2500	1250	20	0
5000	2500	1500	20	0
5000	2500	1750	20	0
5000	2500	2000	20	0
5000	2500	2250	20	0
5000	2500	2500	20	0
1000	500	0	20	0
1000	500	50	20	0
1000	500	100	20	0
1000	500	150	20	0
1000	500	200	20	0
1000	500	250	20	0
1000	500	300	20	0
1000	500	350	20	0
1000	500	400	20	0
1000	500	450	20	0
1000	500	500	20	0
