#./generate_task_list.sh 10000,5000,1000 50:50:1:0:1 10:50:4:0:1 20 0
#period	budget	execute	duration	log

10000	5000	1000	20	0
10000	5000	1400	20	0
10000	5000	1800	20	0
10000	5000	2200	20	0
10000	5000	2600	20	0
10000	5000	3000	20	0
10000	5000	3400	20	0
10000	5000	3800	20	0
10000	5000	4200	20	0
10000	5000	4600	20	0
10000	5000	5000	20	0
5000	2500	500	20	0
5000	2500	700	20	0
5000	2500	900	20	0
5000	2500	1100	20	0
5000	2500	1300	20	0
5000	2500	1500	20	0
5000	2500	1700	20	0
5000	2500	1900	20	0
5000	2500	2100	20	0
5000	2500	2300	20	0
5000	2500	2500	20	0
1000	500	100	20	0
1000	500	140	20	0
1000	500	180	20	0
1000	500	220	20	0
1000	500	260	20	0
1000	500	300	20	0
1000	500	340	20	0
1000	500	380	20	0
1000	500	420	20	0
1000	500	460	20	0
1000	500	500	20	0
