#./generate_task_list.sh 10000,9000,8000,7000,6000,5000,4000,3000,2000,1000 50:50:1:0:1 10:50:1:0:1 20 0
#period	budget	execute	duration	log

10000	5000	1000	20	0
10000	5000	1100	20	0
10000	5000	1200	20	0
10000	5000	1300	20	0
10000	5000	1400	20	0
10000	5000	1500	20	0
10000	5000	1600	20	0
10000	5000	1700	20	0
10000	5000	1800	20	0
10000	5000	1900	20	0
10000	5000	2000	20	0
10000	5000	2100	20	0
10000	5000	2200	20	0
10000	5000	2300	20	0
10000	5000	2400	20	0
10000	5000	2500	20	0
10000	5000	2600	20	0
10000	5000	2700	20	0
10000	5000	2800	20	0
10000	5000	2900	20	0
10000	5000	3000	20	0
10000	5000	3100	20	0
10000	5000	3200	20	0
10000	5000	3300	20	0
10000	5000	3400	20	0
10000	5000	3500	20	0
10000	5000	3600	20	0
10000	5000	3700	20	0
10000	5000	3800	20	0
10000	5000	3900	20	0
10000	5000	4000	20	0
10000	5000	4100	20	0
10000	5000	4200	20	0
10000	5000	4300	20	0
10000	5000	4400	20	0
10000	5000	4500	20	0
10000	5000	4600	20	0
10000	5000	4700	20	0
10000	5000	4800	20	0
10000	5000	4900	20	0
10000	5000	5000	20	0
9000	4500	900	20	0
9000	4500	990	20	0
9000	4500	1080	20	0
9000	4500	1170	20	0
9000	4500	1260	20	0
9000	4500	1350	20	0
9000	4500	1440	20	0
9000	4500	1530	20	0
9000	4500	1620	20	0
9000	4500	1710	20	0
9000	4500	1800	20	0
9000	4500	1890	20	0
9000	4500	1980	20	0
9000	4500	2070	20	0
9000	4500	2160	20	0
9000	4500	2250	20	0
9000	4500	2340	20	0
9000	4500	2430	20	0
9000	4500	2520	20	0
9000	4500	2610	20	0
9000	4500	2700	20	0
9000	4500	2790	20	0
9000	4500	2880	20	0
9000	4500	2970	20	0
9000	4500	3060	20	0
9000	4500	3150	20	0
9000	4500	3240	20	0
9000	4500	3330	20	0
9000	4500	3420	20	0
9000	4500	3510	20	0
9000	4500	3600	20	0
9000	4500	3690	20	0
9000	4500	3780	20	0
9000	4500	3870	20	0
9000	4500	3960	20	0
9000	4500	4050	20	0
9000	4500	4140	20	0
9000	4500	4230	20	0
9000	4500	4320	20	0
9000	4500	4410	20	0
9000	4500	4500	20	0
8000	4000	800	20	0
8000	4000	880	20	0
8000	4000	960	20	0
8000	4000	1040	20	0
8000	4000	1120	20	0
8000	4000	1200	20	0
8000	4000	1280	20	0
8000	4000	1360	20	0
8000	4000	1440	20	0
8000	4000	1520	20	0
8000	4000	1600	20	0
8000	4000	1680	20	0
8000	4000	1760	20	0
8000	4000	1840	20	0
8000	4000	1920	20	0
8000	4000	2000	20	0
8000	4000	2080	20	0
8000	4000	2160	20	0
8000	4000	2240	20	0
8000	4000	2320	20	0
8000	4000	2400	20	0
8000	4000	2480	20	0
8000	4000	2560	20	0
8000	4000	2640	20	0
8000	4000	2720	20	0
8000	4000	2800	20	0
8000	4000	2880	20	0
8000	4000	2960	20	0
8000	4000	3040	20	0
8000	4000	3120	20	0
8000	4000	3200	20	0
8000	4000	3280	20	0
8000	4000	3360	20	0
8000	4000	3440	20	0
8000	4000	3520	20	0
8000	4000	3600	20	0
8000	4000	3680	20	0
8000	4000	3760	20	0
8000	4000	3840	20	0
8000	4000	3920	20	0
8000	4000	4000	20	0
7000	3500	700	20	0
7000	3500	770	20	0
7000	3500	840	20	0
7000	3500	910	20	0
7000	3500	980	20	0
7000	3500	1050	20	0
7000	3500	1120	20	0
7000	3500	1190	20	0
7000	3500	1260	20	0
7000	3500	1330	20	0
7000	3500	1400	20	0
7000	3500	1470	20	0
7000	3500	1540	20	0
7000	3500	1610	20	0
7000	3500	1680	20	0
7000	3500	1750	20	0
7000	3500	1820	20	0
7000	3500	1890	20	0
7000	3500	1960	20	0
7000	3500	2030	20	0
7000	3500	2100	20	0
7000	3500	2170	20	0
7000	3500	2240	20	0
7000	3500	2310	20	0
7000	3500	2380	20	0
7000	3500	2450	20	0
7000	3500	2520	20	0
7000	3500	2590	20	0
7000	3500	2660	20	0
7000	3500	2730	20	0
7000	3500	2800	20	0
7000	3500	2870	20	0
7000	3500	2940	20	0
7000	3500	3010	20	0
7000	3500	3080	20	0
7000	3500	3150	20	0
7000	3500	3220	20	0
7000	3500	3290	20	0
7000	3500	3360	20	0
7000	3500	3430	20	0
7000	3500	3500	20	0
6000	3000	600	20	0
6000	3000	660	20	0
6000	3000	720	20	0
6000	3000	780	20	0
6000	3000	840	20	0
6000	3000	900	20	0
6000	3000	960	20	0
6000	3000	1020	20	0
6000	3000	1080	20	0
6000	3000	1140	20	0
6000	3000	1200	20	0
6000	3000	1260	20	0
6000	3000	1320	20	0
6000	3000	1380	20	0
6000	3000	1440	20	0
6000	3000	1500	20	0
6000	3000	1560	20	0
6000	3000	1620	20	0
6000	3000	1680	20	0
6000	3000	1740	20	0
6000	3000	1800	20	0
6000	3000	1860	20	0
6000	3000	1920	20	0
6000	3000	1980	20	0
6000	3000	2040	20	0
6000	3000	2100	20	0
6000	3000	2160	20	0
6000	3000	2220	20	0
6000	3000	2280	20	0
6000	3000	2340	20	0
6000	3000	2400	20	0
6000	3000	2460	20	0
6000	3000	2520	20	0
6000	3000	2580	20	0
6000	3000	2640	20	0
6000	3000	2700	20	0
6000	3000	2760	20	0
6000	3000	2820	20	0
6000	3000	2880	20	0
6000	3000	2940	20	0
6000	3000	3000	20	0
5000	2500	500	20	0
5000	2500	550	20	0
5000	2500	600	20	0
5000	2500	650	20	0
5000	2500	700	20	0
5000	2500	750	20	0
5000	2500	800	20	0
5000	2500	850	20	0
5000	2500	900	20	0
5000	2500	950	20	0
5000	2500	1000	20	0
5000	2500	1050	20	0
5000	2500	1100	20	0
5000	2500	1150	20	0
5000	2500	1200	20	0
5000	2500	1250	20	0
5000	2500	1300	20	0
5000	2500	1350	20	0
5000	2500	1400	20	0
5000	2500	1450	20	0
5000	2500	1500	20	0
5000	2500	1550	20	0
5000	2500	1600	20	0
5000	2500	1650	20	0
5000	2500	1700	20	0
5000	2500	1750	20	0
5000	2500	1800	20	0
5000	2500	1850	20	0
5000	2500	1900	20	0
5000	2500	1950	20	0
5000	2500	2000	20	0
5000	2500	2050	20	0
5000	2500	2100	20	0
5000	2500	2150	20	0
5000	2500	2200	20	0
5000	2500	2250	20	0
5000	2500	2300	20	0
5000	2500	2350	20	0
5000	2500	2400	20	0
5000	2500	2450	20	0
5000	2500	2500	20	0
4000	2000	400	20	0
4000	2000	440	20	0
4000	2000	480	20	0
4000	2000	520	20	0
4000	2000	560	20	0
4000	2000	600	20	0
4000	2000	640	20	0
4000	2000	680	20	0
4000	2000	720	20	0
4000	2000	760	20	0
4000	2000	800	20	0
4000	2000	840	20	0
4000	2000	880	20	0
4000	2000	920	20	0
4000	2000	960	20	0
4000	2000	1000	20	0
4000	2000	1040	20	0
4000	2000	1080	20	0
4000	2000	1120	20	0
4000	2000	1160	20	0
4000	2000	1200	20	0
4000	2000	1240	20	0
4000	2000	1280	20	0
4000	2000	1320	20	0
4000	2000	1360	20	0
4000	2000	1400	20	0
4000	2000	1440	20	0
4000	2000	1480	20	0
4000	2000	1520	20	0
4000	2000	1560	20	0
4000	2000	1600	20	0
4000	2000	1640	20	0
4000	2000	1680	20	0
4000	2000	1720	20	0
4000	2000	1760	20	0
4000	2000	1800	20	0
4000	2000	1840	20	0
4000	2000	1880	20	0
4000	2000	1920	20	0
4000	2000	1960	20	0
4000	2000	2000	20	0
3000	1500	300	20	0
3000	1500	330	20	0
3000	1500	360	20	0
3000	1500	390	20	0
3000	1500	420	20	0
3000	1500	450	20	0
3000	1500	480	20	0
3000	1500	510	20	0
3000	1500	540	20	0
3000	1500	570	20	0
3000	1500	600	20	0
3000	1500	630	20	0
3000	1500	660	20	0
3000	1500	690	20	0
3000	1500	720	20	0
3000	1500	750	20	0
3000	1500	780	20	0
3000	1500	810	20	0
3000	1500	840	20	0
3000	1500	870	20	0
3000	1500	900	20	0
3000	1500	930	20	0
3000	1500	960	20	0
3000	1500	990	20	0
3000	1500	1020	20	0
3000	1500	1050	20	0
3000	1500	1080	20	0
3000	1500	1110	20	0
3000	1500	1140	20	0
3000	1500	1170	20	0
3000	1500	1200	20	0
3000	1500	1230	20	0
3000	1500	1260	20	0
3000	1500	1290	20	0
3000	1500	1320	20	0
3000	1500	1350	20	0
3000	1500	1380	20	0
3000	1500	1410	20	0
3000	1500	1440	20	0
3000	1500	1470	20	0
3000	1500	1500	20	0
2000	1000	200	20	0
2000	1000	220	20	0
2000	1000	240	20	0
2000	1000	260	20	0
2000	1000	280	20	0
2000	1000	300	20	0
2000	1000	320	20	0
2000	1000	340	20	0
2000	1000	360	20	0
2000	1000	380	20	0
2000	1000	400	20	0
2000	1000	420	20	0
2000	1000	440	20	0
2000	1000	460	20	0
2000	1000	480	20	0
2000	1000	500	20	0
2000	1000	520	20	0
2000	1000	540	20	0
2000	1000	560	20	0
2000	1000	580	20	0
2000	1000	600	20	0
2000	1000	620	20	0
2000	1000	640	20	0
2000	1000	660	20	0
2000	1000	680	20	0
2000	1000	700	20	0
2000	1000	720	20	0
2000	1000	740	20	0
2000	1000	760	20	0
2000	1000	780	20	0
2000	1000	800	20	0
2000	1000	820	20	0
2000	1000	840	20	0
2000	1000	860	20	0
2000	1000	880	20	0
2000	1000	900	20	0
2000	1000	920	20	0
2000	1000	940	20	0
2000	1000	960	20	0
2000	1000	980	20	0
2000	1000	1000	20	0
1000	500	100	20	0
1000	500	110	20	0
1000	500	120	20	0
1000	500	130	20	0
1000	500	140	20	0
1000	500	150	20	0
1000	500	160	20	0
1000	500	170	20	0
1000	500	180	20	0
1000	500	190	20	0
1000	500	200	20	0
1000	500	210	20	0
1000	500	220	20	0
1000	500	230	20	0
1000	500	240	20	0
1000	500	250	20	0
1000	500	260	20	0
1000	500	270	20	0
1000	500	280	20	0
1000	500	290	20	0
1000	500	300	20	0
1000	500	310	20	0
1000	500	320	20	0
1000	500	330	20	0
1000	500	340	20	0
1000	500	350	20	0
1000	500	360	20	0
1000	500	370	20	0
1000	500	380	20	0
1000	500	390	20	0
1000	500	400	20	0
1000	500	410	20	0
1000	500	420	20	0
1000	500	430	20	0
1000	500	440	20	0
1000	500	450	20	0
1000	500	460	20	0
1000	500	470	20	0
1000	500	480	20	0
1000	500	490	20	0
1000	500	500	20	0
